a<-3
b<-4
c<-1
a+b
d<-3
